0.000000000000000000e+00 1.067443096273739817e-01 1.743952262776046758e-01 6.392832723326348499e-02 0.000000000000000000e+00 5.218690173995888665e-02 1.230125438838368390e-01 1.787041564319412634e-01 2.028715552929465094e-01 1.988601628112071917e-01 1.619627211744424922e-01 1.377561817179505099e-01 1.080950990376539356e-01 7.575111868734250853e-02 4.623687926719009106e-02 1.965924776582033892e-02 0.000000000000000000e+00 0.000000000000000000e+00 0.000000000000000000e+00 0.000000000000000000e+00 0.000000000000000000e+00
1.491483148921125303e-02 1.082174840156409218e-01 1.740703529720860898e-01 6.754732727706323769e-02 8.958367801886234563e-03 5.751346996267733130e-02 1.249317277181769270e-01 1.817529170238812997e-01 2.035004856181579780e-01 2.012038578258475430e-01 1.731992314791387377e-01 1.454391823935690387e-01 1.106665672310134935e-01 8.127972156200730103e-02 5.244439619420265125e-02 2.589919354879373706e-02 1.052260242952566052e-02 6.987363578708186314e-03 7.182373870526159547e-03 8.074702639064205642e-03 1.554095043430461440e-02
3.962810793386331576e-02 1.086453606418386064e-01 1.658522494295888716e-01 7.046126905179841970e-02 2.362080380045978450e-02 6.367305364457546968e-02 1.224843703773264431e-01 1.822560750356003179e-01 2.033240705702321904e-01 1.979397150452780751e-01 1.742931141780459658e-01 1.430648150773223548e-01 1.097583908091472465e-01 7.822821061531312625e-02 5.266792495707230126e-02 3.289391060643858528e-02 2.079966384471537005e-02 1.494079281284402261e-02 1.604707032928386762e-02 2.068940292978235784e-02 2.782727729326039262e-02
5.470733000957465897e-02 1.064002813737882219e-01 1.461636455087223507e-01 7.397587866556204483e-02 3.835768838776191375e-02 7.203141448221282717e-02 1.259306405466927015e-01 1.733767910526655409e-01 2.028343127903310394e-01 1.974348259971896169e-01 1.744646220268320225e-01 1.392783864645051328e-01 1.080570432397007924e-01 7.824086586851933256e-02 5.512663925744986509e-02 4.015382371023656916e-02 2.947771197383033948e-02 2.507349477827259740e-02 2.592563276674246867e-02 3.215360080762027367e-02 4.093144049895608427e-02
6.564433519026718900e-02 1.042178875573991914e-01 1.323094351318136186e-01 7.599213023872836148e-02 5.185023846725408947e-02 8.148291687949262008e-02 1.257516499651460673e-01 1.669718821157808730e-01 1.899571595720281059e-01 1.849517331273707599e-01 1.662643282099450504e-01 1.369059734425827068e-01 1.026110138796481192e-01 7.840208349469686422e-02 5.984846173399917951e-02 4.627697369267745608e-02 3.840914451101345994e-02 3.560691947401534163e-02 3.794370393278883452e-02 4.466551992882409478e-02 5.186396003434055185e-02
7.582355768600521073e-02 1.028642182477155220e-01 1.251652071215093309e-01 7.934260678071733408e-02 6.303923356266466493e-02 8.902774030379131953e-02 1.247526127545281610e-01 1.565424383200031411e-01 1.722523944646151550e-01 1.667757412610738343e-01 1.506694806452301694e-01 1.278444284709184808e-01 9.972899839587794080e-02 7.873616245478519404e-02 6.343731898227274180e-02 5.247497031475789608e-02 4.728869302409737657e-02 4.636465244319996210e-02 4.870787745853071699e-02 5.541387313228157696e-02 6.291738814083557008e-02
8.271530770066777560e-02 1.030058147316394446e-01 1.219711681685101134e-01 8.460506663849649833e-02 7.185200117402165687e-02 9.605330705654781254e-02 1.217998719158004672e-01 1.490888523218820982e-01 1.598378090600376111e-01 1.558577083514743333e-01 1.418014615333368089e-01 1.222497704529996870e-01 9.890410058993383269e-02 8.103101319065951491e-02 6.843270281853840176e-02 6.056745184896213802e-02 5.552651186761480007e-02 5.517951162610430088e-02 5.848941531710499797e-02 6.502673488973469140e-02 7.194102344389277648e-02
8.598463081430005039e-02 1.046105785638750812e-01 1.201516699346112521e-01 8.911395223104129348e-02 8.109672687513723444e-02 9.991341277140078359e-02 1.203491950426503060e-01 1.416556718040546947e-01 1.509904207409966392e-01 1.486558331040049308e-01 1.365035477939753050e-01 1.202314483309803728e-01 1.011238961166475436e-01 8.575272638685625670e-02 7.506271889557038224e-02 6.802663587846009829e-02 6.449052955604503423e-02 6.481653248130078704e-02 6.825865307091878720e-02 7.339153193649126938e-02 8.017233711998306145e-02
8.974843507603391668e-02 1.083815805247432262e-01 1.199307447435884882e-01 9.479271468589814398e-02 8.742117669362670096e-02 1.021779012800396458e-01 1.188333561221388557e-01 1.377396109978133165e-01 1.469647440029172303e-01 1.430429182535717103e-01 1.355265339984395856e-01 1.216004529983753940e-01 1.038835292929292248e-01 9.006500304104958499e-02 8.195727387178909640e-02 7.461590343899540678e-02 7.347445527399526499e-02 7.401394702502395173e-02 7.645683788201193543e-02 8.189044725827963889e-02 8.763791452448888020e-02
9.530955523950050690e-02 1.118115695334647858e-01 1.216842122769101198e-01 9.962925555999559146e-02 9.331464174410351864e-02 1.054125678068834199e-01 1.197854006797602205e-01 1.355191392919354310e-01 1.454388233192480118e-01 1.430050111925819933e-01 1.361822414366219147e-01 1.230995902014748178e-01 1.070748674975572495e-01 9.512299869093970850e-02 8.804354153306633013e-02 8.362750408317290440e-02 8.162320597505128006e-02 8.175979167581176599e-02 8.424069362940445060e-02 8.927218815185984646e-02 9.341717192555336335e-02
1.007039446341905509e-01 1.148050560852813817e-01 1.259694609370699825e-01 1.048813422056669026e-01 9.854474714486972931e-02 1.082945799486245142e-01 1.210859996320709092e-01 1.363375388582199754e-01 1.442258151314292358e-01 1.442536658730786403e-01 1.366080711393395097e-01 1.262489991321013583e-01 1.120008011374094559e-01 1.012546146980215084e-01 9.496349802053494216e-02 9.036073058351819232e-02 8.885351780030681379e-02 8.890627633657480211e-02 9.129220804959703450e-02 9.693693315477198980e-02 1.012236049888053102e-01
